[gd_resource type="Animation" format=2]

[resource]
resource_name = "point"
length = 2.0
loop = true
tracks/0/type = "value"
tracks/0/path = NodePath("Torso:transform")
tracks/0/interp = 1
tracks/0/loop_wrap = false
tracks/0/imported = false
tracks/0/enabled = true
tracks/0/keys = {
"times": PoolRealArray( 0, 0.2, 0.4 ),
"transitions": PoolRealArray( 1, 1, 1 ),
"update": 0,
"values": [ Transform( 1, 0, 0, 0, 1, 0, 0, 0, 1, 0, -1.5, 0 ), Transform( 0.793353, 0, -0.608761, 0, 1, 0, 0.608761, 0, 0.793353, -0.668259, -1.5, 0.102424 ), Transform( 0.258819, 0, -0.965926, 0, 1, 0, 0.965926, 0, 0.258819, -1.33652, -1.5, -0.227052 ) ]
}
tracks/1/type = "value"
tracks/1/path = NodePath("Torso/Head:transform")
tracks/1/interp = 1
tracks/1/loop_wrap = false
tracks/1/imported = false
tracks/1/enabled = true
tracks/1/keys = {
"times": PoolRealArray( 0, 0.4 ),
"transitions": PoolRealArray( 1, 1 ),
"update": 0,
"values": [ Transform( 1, 0, 0, 0, 1, 0, 0, 0, 1, 0, 1.5, 0 ), Transform( 0.5, 0, 0.866025, 0, 1, 0, -0.866026, 0, 0.5, 0, 1.5, 0 ) ]
}
tracks/2/type = "value"
tracks/2/path = NodePath("Torso/LegUpperL:transform")
tracks/2/interp = 1
tracks/2/loop_wrap = false
tracks/2/imported = false
tracks/2/enabled = true
tracks/2/keys = {
"times": PoolRealArray( 0, 0.4 ),
"transitions": PoolRealArray( 1, 1 ),
"update": 0,
"values": [ Transform( 1, -2.98023e-08, 0, 2.98023e-08, 1, 0, 0, 0, 1, -0.5, -4, -1 ), Transform( 0.258819, -7.71344e-09, 0.965925, 2.98023e-08, 1, 0, -0.965925, 2.87869e-08, 0.258819, -0.5, -4, -1 ) ]
}
tracks/3/type = "value"
tracks/3/path = NodePath("Torso/ArmUpperR:transform")
tracks/3/interp = 2
tracks/3/loop_wrap = false
tracks/3/imported = false
tracks/3/enabled = true
tracks/3/keys = {
"times": PoolRealArray( 0.1, 0.674187, 0.8 ),
"transitions": PoolRealArray( 1.7411, 0.840896, 0.840896 ),
"update": 0,
"values": [ Transform( 1, 0, 0, 0, 1, 0, 0, 0, 1, -0.5, 0.5, 2 ), Transform( 0.5, -0.75, -0.433013, -7.54979e-08, -0.5, 0.866025, -0.866026, -0.433013, -0.25, -0.5, 0.5, 2 ), Transform( 0.5, -0.75, -0.433013, -7.54979e-08, -0.5, 0.866025, -0.866026, -0.433013, -0.25, -0.5, 0.5, 2 ) ]
}
tracks/4/type = "value"
tracks/4/path = NodePath("Torso/ArmUpperR/ArmLowerR:transform")
tracks/4/interp = 2
tracks/4/loop_wrap = false
tracks/4/imported = false
tracks/4/enabled = true
tracks/4/keys = {
"times": PoolRealArray( 0.1, 0.674187, 0.8, 1.3 ),
"transitions": PoolRealArray( 1.7411, 0.812251, 0.812251, 1 ),
"update": 0,
"values": [ Transform( 1, 0, 0, 0, 1, 0, 0, 0, 1, 0, -2, 0 ), Transform( 1, -1.78814e-07, -2.98023e-08, 1.49012e-08, -0.258819, 0.965926, -1.63913e-07, -0.965925, -0.258819, 2.38419e-07, -2, -3.57628e-07 ), Transform( 1, -1.78814e-07, -2.98023e-08, 1.49012e-08, -0.258819, 0.965926, -1.63913e-07, -0.965925, -0.258819, 2.38419e-07, -2, -3.57628e-07 ), Transform( 1, 0, 0, 0, 1, 0, 0, 0, 1, 0, -2, 0 ) ]
}
tracks/5/type = "value"
tracks/5/path = NodePath("Torso/Head/Ponytail:transform")
tracks/5/interp = 1
tracks/5/loop_wrap = false
tracks/5/imported = false
tracks/5/enabled = true
tracks/5/keys = {
"times": PoolRealArray( 0.8, 1, 1.5, 1.8 ),
"transitions": PoolRealArray( 0.378929, 2.46229, 2.37841, 1 ),
"update": 0,
"values": [ Transform( 1, 0, 0, 0, 1, 0, 0, 0, 1, -5.96046e-08, -1.19209e-07, 0 ), Transform( 0.866024, 0.433013, 0.25, -0.5, 0.75, 0.433013, -1.49012e-08, -0.5, 0.866025, -1.99367, -0.486616, 1.70771 ), Transform( 0.964303, 0.262035, -0.0381575, -0.262522, 0.927182, -0.267237, -0.0346464, 0.267715, 0.962874, -1.17161, -0.590693, -0.974589 ), Transform( 1, 0, 0, 0, 1, 0, 0, 0, 1, -5.96046e-08, -1.19209e-07, 0 ) ]
}
tracks/6/type = "value"
tracks/6/path = NodePath("Torso/ArmUpperR/ArmLowerR/Sword:visible")
tracks/6/interp = 1
tracks/6/loop_wrap = true
tracks/6/imported = false
tracks/6/enabled = true
tracks/6/keys = {
"times": PoolRealArray( 0 ),
"transitions": PoolRealArray( 1 ),
"update": 1,
"values": [ false ]
}
