[gd_resource type="Animation" format=2]

[resource]
resource_name = "sword_pose"
length = 0.75
loop = true
tracks/0/type = "value"
tracks/0/path = NodePath("Torso/ArmUpperR/ArmLowerR/Sword:visible")
tracks/0/interp = 1
tracks/0/loop_wrap = false
tracks/0/imported = false
tracks/0/enabled = true
tracks/0/keys = {
"times": PoolRealArray( 0 ),
"transitions": PoolRealArray( 1 ),
"update": 1,
"values": [ true ]
}
tracks/1/type = "value"
tracks/1/path = NodePath("Torso:transform")
tracks/1/interp = 1
tracks/1/loop_wrap = false
tracks/1/imported = false
tracks/1/enabled = true
tracks/1/keys = {
"times": PoolRealArray( 0, 0.3 ),
"transitions": PoolRealArray( 1, 1 ),
"update": 0,
"values": [ Transform( 1, 0, 0, 0, 1, 0, 0, 0, 1, 0, -1.5, 0 ), Transform( 0.707107, 0, 0.707107, 0, 1, 0, -0.707107, 0, 0.707107, -0.781648, -1.5, -0.0149684 ) ]
}
tracks/2/type = "value"
tracks/2/path = NodePath("Torso/Head:transform")
tracks/2/interp = 1
tracks/2/loop_wrap = false
tracks/2/imported = false
tracks/2/enabled = true
tracks/2/keys = {
"times": PoolRealArray( 0, 0.6 ),
"transitions": PoolRealArray( 0.31864, 1 ),
"update": 0,
"values": [ Transform( 1, 0, 0, 0, 1, 0, 0, 0, 1, 0, 1.5, 0 ), Transform( 0.766044, 0, -0.642788, 0, 1, 0, 0.642788, 0, 0.766044, 0, 1.5, 0 ) ]
}
tracks/3/type = "value"
tracks/3/path = NodePath("Torso/ArmUpperR/ArmLowerR:transform")
tracks/3/interp = 1
tracks/3/loop_wrap = false
tracks/3/imported = false
tracks/3/enabled = true
tracks/3/keys = {
"times": PoolRealArray( 0, 0.6 ),
"transitions": PoolRealArray( 1, 1 ),
"update": 0,
"values": [ Transform( 1, 0, 0, 0, 1, 0, 0, 0, 1, 0, -2, 0 ), Transform( 0.925077, -0.379779, 0, 0.379779, 0.925077, 0, 0, 0, 1, 0, -2, 0 ) ]
}
tracks/4/type = "value"
tracks/4/path = NodePath("Torso/ArmUpperR:transform")
tracks/4/interp = 1
tracks/4/loop_wrap = false
tracks/4/imported = false
tracks/4/enabled = true
tracks/4/keys = {
"times": PoolRealArray( 0, 0.6 ),
"transitions": PoolRealArray( 1, 1 ),
"update": 0,
"values": [ Transform( 1, 0, 0, 0, 1, 0, 0, 0, 1, -0.5, 0.5, 2 ), Transform( 0.612372, -0.353553, -0.707107, 0.5, 0.866025, 0, 0.612372, -0.353553, 0.707107, -0.5, 0.5, 2 ) ]
}
tracks/5/type = "value"
tracks/5/path = NodePath("Torso/LegUpperR:transform")
tracks/5/interp = 1
tracks/5/loop_wrap = false
tracks/5/imported = false
tracks/5/enabled = true
tracks/5/keys = {
"times": PoolRealArray( 0, 0.3 ),
"transitions": PoolRealArray( 1, 1 ),
"update": 0,
"values": [ Transform( 1, -2.98023e-08, 0, 2.98023e-08, 1, 0, 0, 0, 1, -0.5, -4, 1 ), Transform( 0.707107, 0, -0.707107, 0, 1, 0, 0.707107, 0, 0.707107, -0.5, -4, 1 ) ]
}
